{
 "cells": [
  {
   "cell_type": "code",
   "execution_count": 1,
   "id": "a2de1dc4",
   "metadata": {},
   "outputs": [],
   "source": [
    "import numpy as np\n",
    "import pandas as pd\n",
    "from pandas_datareader import data as wb    # Para usa-lo, precisa instala o (pip install pandas data-reader)\n",
    "import matplotlib.pyplot as plt"
   ]
  },
  {
   "cell_type": "code",
   "execution_count": 2,
   "id": "44912055",
   "metadata": {},
   "outputs": [
    {
     "name": "stdout",
     "output_type": "stream",
     "text": [
      "            SAPR4.SA  COGN3.SA   LREN3.SA   AMER3.SA   BBSE3.SA   BBAS3.SA\n",
      "Date                                                                      \n",
      "2022-01-03  3.669104      2.39  22.946363  30.409204  19.813507  27.968678\n",
      "2022-01-04  3.639193      2.29  22.667984  29.370075  19.765415  27.997793\n",
      "2022-01-05  3.599311      2.14  21.564411  28.056461  19.524960  27.531973\n",
      "2022-01-06  3.499608      2.09  22.667984  28.683859  19.659616  27.755177\n",
      "2022-01-07  3.549459      2.07  22.856884  27.154577  19.044050  27.784290\n",
      "            SAPR4.SA  COGN3.SA   LREN3.SA   AMER3.SA   BBSE3.SA   BBAS3.SA\n",
      "Date                                                                      \n",
      "2022-04-26  3.968216      2.57  24.459999  25.040001  26.070000  33.919998\n",
      "2022-04-27  4.028039      2.60  24.530001  25.020000  26.080000  34.070000\n",
      "2022-04-28  4.067920      2.56  24.389999  25.209999  25.889999  34.009998\n",
      "2022-04-29  3.960000      2.45  23.860001  24.000000  25.430000  33.200001\n",
      "2022-05-02  3.890000      2.44  23.900000  24.010000  24.950001  32.980000\n"
     ]
    }
   ],
   "source": [
    "tickers = ['SAPR4.SA', 'COGN3.SA', 'LREN3.SA', 'AMER3.SA', 'BBSE3.SA', 'BBAS3.SA']\n",
    "sec_data = pd.DataFrame()\n",
    "for t in tickers:\n",
    "    sec_data[t] = wb.DataReader(t, data_source = 'yahoo', start = '2022/01/01', end = \"2022/05/02\") ['Adj Close']  #Adj Close é a coluna\n",
    "print (sec_data.head())\n",
    "print (sec_data.tail())"
   ]
  },
  {
   "cell_type": "code",
   "execution_count": 3,
   "id": "72644241",
   "metadata": {},
   "outputs": [
    {
     "data": {
      "text/html": [
       "<div>\n",
       "<style scoped>\n",
       "    .dataframe tbody tr th:only-of-type {\n",
       "        vertical-align: middle;\n",
       "    }\n",
       "\n",
       "    .dataframe tbody tr th {\n",
       "        vertical-align: top;\n",
       "    }\n",
       "\n",
       "    .dataframe thead th {\n",
       "        text-align: right;\n",
       "    }\n",
       "</style>\n",
       "<table border=\"1\" class=\"dataframe\">\n",
       "  <thead>\n",
       "    <tr style=\"text-align: right;\">\n",
       "      <th></th>\n",
       "      <th>SAPR4.SA</th>\n",
       "      <th>COGN3.SA</th>\n",
       "      <th>LREN3.SA</th>\n",
       "      <th>AMER3.SA</th>\n",
       "      <th>BBSE3.SA</th>\n",
       "      <th>BBAS3.SA</th>\n",
       "    </tr>\n",
       "    <tr>\n",
       "      <th>Date</th>\n",
       "      <th></th>\n",
       "      <th></th>\n",
       "      <th></th>\n",
       "      <th></th>\n",
       "      <th></th>\n",
       "      <th></th>\n",
       "    </tr>\n",
       "  </thead>\n",
       "  <tbody>\n",
       "    <tr>\n",
       "      <th>2022-01-03</th>\n",
       "      <td>NaN</td>\n",
       "      <td>NaN</td>\n",
       "      <td>NaN</td>\n",
       "      <td>NaN</td>\n",
       "      <td>NaN</td>\n",
       "      <td>NaN</td>\n",
       "    </tr>\n",
       "    <tr>\n",
       "      <th>2022-01-04</th>\n",
       "      <td>-0.008186</td>\n",
       "      <td>-0.042742</td>\n",
       "      <td>-0.012206</td>\n",
       "      <td>-0.034769</td>\n",
       "      <td>-0.002430</td>\n",
       "      <td>0.001040</td>\n",
       "    </tr>\n",
       "    <tr>\n",
       "      <th>2022-01-05</th>\n",
       "      <td>-0.011019</td>\n",
       "      <td>-0.067746</td>\n",
       "      <td>-0.049909</td>\n",
       "      <td>-0.045757</td>\n",
       "      <td>-0.012240</td>\n",
       "      <td>-0.016778</td>\n",
       "    </tr>\n",
       "    <tr>\n",
       "      <th>2022-01-06</th>\n",
       "      <td>-0.028092</td>\n",
       "      <td>-0.023642</td>\n",
       "      <td>0.049909</td>\n",
       "      <td>0.022116</td>\n",
       "      <td>0.006873</td>\n",
       "      <td>0.008074</td>\n",
       "    </tr>\n",
       "    <tr>\n",
       "      <th>2022-01-07</th>\n",
       "      <td>0.014144</td>\n",
       "      <td>-0.009615</td>\n",
       "      <td>0.008299</td>\n",
       "      <td>-0.054789</td>\n",
       "      <td>-0.031812</td>\n",
       "      <td>0.001048</td>\n",
       "    </tr>\n",
       "    <tr>\n",
       "      <th>...</th>\n",
       "      <td>...</td>\n",
       "      <td>...</td>\n",
       "      <td>...</td>\n",
       "      <td>...</td>\n",
       "      <td>...</td>\n",
       "      <td>...</td>\n",
       "    </tr>\n",
       "    <tr>\n",
       "      <th>2022-04-26</th>\n",
       "      <td>-0.007510</td>\n",
       "      <td>-0.015444</td>\n",
       "      <td>-0.021837</td>\n",
       "      <td>-0.052511</td>\n",
       "      <td>-0.011442</td>\n",
       "      <td>-0.022735</td>\n",
       "    </tr>\n",
       "    <tr>\n",
       "      <th>2022-04-27</th>\n",
       "      <td>0.014963</td>\n",
       "      <td>0.011606</td>\n",
       "      <td>0.002858</td>\n",
       "      <td>-0.000799</td>\n",
       "      <td>0.000384</td>\n",
       "      <td>0.004412</td>\n",
       "    </tr>\n",
       "    <tr>\n",
       "      <th>2022-04-28</th>\n",
       "      <td>0.009852</td>\n",
       "      <td>-0.015504</td>\n",
       "      <td>-0.005724</td>\n",
       "      <td>0.007565</td>\n",
       "      <td>-0.007312</td>\n",
       "      <td>-0.001763</td>\n",
       "    </tr>\n",
       "    <tr>\n",
       "      <th>2022-04-29</th>\n",
       "      <td>-0.026888</td>\n",
       "      <td>-0.043919</td>\n",
       "      <td>-0.021970</td>\n",
       "      <td>-0.049187</td>\n",
       "      <td>-0.017927</td>\n",
       "      <td>-0.024105</td>\n",
       "    </tr>\n",
       "    <tr>\n",
       "      <th>2022-05-02</th>\n",
       "      <td>-0.017835</td>\n",
       "      <td>-0.004090</td>\n",
       "      <td>0.001675</td>\n",
       "      <td>0.000417</td>\n",
       "      <td>-0.019056</td>\n",
       "      <td>-0.006649</td>\n",
       "    </tr>\n",
       "  </tbody>\n",
       "</table>\n",
       "<p>82 rows × 6 columns</p>\n",
       "</div>"
      ],
      "text/plain": [
       "            SAPR4.SA  COGN3.SA  LREN3.SA  AMER3.SA  BBSE3.SA  BBAS3.SA\n",
       "Date                                                                  \n",
       "2022-01-03       NaN       NaN       NaN       NaN       NaN       NaN\n",
       "2022-01-04 -0.008186 -0.042742 -0.012206 -0.034769 -0.002430  0.001040\n",
       "2022-01-05 -0.011019 -0.067746 -0.049909 -0.045757 -0.012240 -0.016778\n",
       "2022-01-06 -0.028092 -0.023642  0.049909  0.022116  0.006873  0.008074\n",
       "2022-01-07  0.014144 -0.009615  0.008299 -0.054789 -0.031812  0.001048\n",
       "...              ...       ...       ...       ...       ...       ...\n",
       "2022-04-26 -0.007510 -0.015444 -0.021837 -0.052511 -0.011442 -0.022735\n",
       "2022-04-27  0.014963  0.011606  0.002858 -0.000799  0.000384  0.004412\n",
       "2022-04-28  0.009852 -0.015504 -0.005724  0.007565 -0.007312 -0.001763\n",
       "2022-04-29 -0.026888 -0.043919 -0.021970 -0.049187 -0.017927 -0.024105\n",
       "2022-05-02 -0.017835 -0.004090  0.001675  0.000417 -0.019056 -0.006649\n",
       "\n",
       "[82 rows x 6 columns]"
      ]
     },
     "execution_count": 3,
     "metadata": {},
     "output_type": "execute_result"
    }
   ],
   "source": [
    "sec_returns = np.log(sec_data / sec_data.shift(1))  # Calcula o retorno logarítimo de ambas empresas \n",
    "sec_returns"
   ]
  },
  {
   "cell_type": "code",
   "execution_count": 4,
   "id": "f885c1fa",
   "metadata": {},
   "outputs": [
    {
     "data": {
      "text/plain": [
       "0.0007217481727361899"
      ]
     },
     "execution_count": 4,
     "metadata": {},
     "output_type": "execute_result"
    }
   ],
   "source": [
    "sec_returns ['SAPR4.SA']. mean()            # Retorno médio diário "
   ]
  },
  {
   "cell_type": "code",
   "execution_count": 5,
   "id": "feed1317",
   "metadata": {
    "scrolled": true
   },
   "outputs": [
    {
     "data": {
      "text/plain": [
       "2.9230800995815693"
      ]
     },
     "execution_count": 5,
     "metadata": {},
     "output_type": "execute_result"
    }
   ],
   "source": [
    "sec_returns['SAPR4.SA']. mean() *50 *81     # \"Anualizando\" o retorno médio diário "
   ]
  },
  {
   "cell_type": "code",
   "execution_count": 6,
   "id": "33a1add1",
   "metadata": {},
   "outputs": [
    {
     "data": {
      "text/plain": [
       "0.01418304360083531"
      ]
     },
     "execution_count": 6,
     "metadata": {},
     "output_type": "execute_result"
    }
   ],
   "source": [
    "sec_returns ['SAPR4.SA'].std()              #.std() calcula o desvio padrão"
   ]
  },
  {
   "cell_type": "code",
   "execution_count": 7,
   "id": "9393c537",
   "metadata": {},
   "outputs": [
    {
     "data": {
      "text/plain": [
       "0.1276473924075178"
      ]
     },
     "execution_count": 7,
     "metadata": {},
     "output_type": "execute_result"
    }
   ],
   "source": [
    "sec_returns['SAPR4.SA'].std() *81 ** 0.5    # Anualizar o desvio padrão "
   ]
  },
  {
   "cell_type": "markdown",
   "id": "7dffea1a",
   "metadata": {},
   "source": [
    "------------------------------------------------------------------------------------------------------------------------"
   ]
  },
  {
   "cell_type": "code",
   "execution_count": 15,
   "id": "fa9242a7",
   "metadata": {},
   "outputs": [
    {
     "data": {
      "text/plain": [
       "0.00025561299900913275"
      ]
     },
     "execution_count": 15,
     "metadata": {},
     "output_type": "execute_result"
    }
   ],
   "source": [
    "sec_returns ['COGN3.SA']. mean()    # Retorno médio diário "
   ]
  },
  {
   "cell_type": "code",
   "execution_count": 20,
   "id": "9d73082d",
   "metadata": {},
   "outputs": [
    {
     "data": {
      "text/plain": [
       "0.020704652919739754"
      ]
     },
     "execution_count": 20,
     "metadata": {},
     "output_type": "execute_result"
    }
   ],
   "source": [
    "sec_returns['COGN3.SA']. mean() *81  # \"Anualizando\" o retorno médio diário "
   ]
  },
  {
   "cell_type": "code",
   "execution_count": 38,
   "id": "0d7dcb7a",
   "metadata": {},
   "outputs": [
    {
     "data": {
      "text/plain": [
       "0.030811102384750107"
      ]
     },
     "execution_count": 38,
     "metadata": {},
     "output_type": "execute_result"
    }
   ],
   "source": [
    "sec_returns ['COGN3.SA'].std()   #.std() calcula o desvio padrão"
   ]
  },
  {
   "cell_type": "code",
   "execution_count": 39,
   "id": "b7c264d0",
   "metadata": {},
   "outputs": [
    {
     "data": {
      "text/plain": [
       "0.21786739432089808"
      ]
     },
     "execution_count": 39,
     "metadata": {},
     "output_type": "execute_result"
    }
   ],
   "source": [
    "sec_returns['COGN3.SA'].std() * 50 ** 0.5      # Anualizar o desvio padrão "
   ]
  },
  {
   "cell_type": "markdown",
   "id": "317c2647",
   "metadata": {},
   "source": [
    "-----------------------------------------------------------------------------------------------------------------------------"
   ]
  },
  {
   "cell_type": "code",
   "execution_count": 8,
   "id": "2500b761",
   "metadata": {},
   "outputs": [
    {
     "data": {
      "text/plain": [
       "0.00050270338768228"
      ]
     },
     "execution_count": 8,
     "metadata": {},
     "output_type": "execute_result"
    }
   ],
   "source": [
    "sec_returns ['LREN3.SA']. mean()    # Retorno médio diário "
   ]
  },
  {
   "cell_type": "code",
   "execution_count": 13,
   "id": "db636c3d",
   "metadata": {},
   "outputs": [
    {
     "data": {
      "text/plain": [
       "4.071897440226468"
      ]
     },
     "execution_count": 13,
     "metadata": {},
     "output_type": "execute_result"
    }
   ],
   "source": [
    "sec_returns['LREN3.SA']. mean() *81 *100 # \"Anualizando\" o retorno médio diário "
   ]
  },
  {
   "cell_type": "code",
   "execution_count": 14,
   "id": "1afec528",
   "metadata": {},
   "outputs": [
    {
     "data": {
      "text/plain": [
       "0.02931706102528372"
      ]
     },
     "execution_count": 14,
     "metadata": {},
     "output_type": "execute_result"
    }
   ],
   "source": [
    "sec_returns ['LREN3.SA'].std()   #.std() calcula o desvio padrão"
   ]
  },
  {
   "cell_type": "code",
   "execution_count": 11,
   "id": "57bcb7b1",
   "metadata": {},
   "outputs": [
    {
     "data": {
      "text/plain": [
       "0.20730292655437957"
      ]
     },
     "execution_count": 11,
     "metadata": {},
     "output_type": "execute_result"
    }
   ],
   "source": [
    "sec_returns['LREN3.SA'].std() * 50 ** 0.5      # Anualizar o desvio padrão "
   ]
  },
  {
   "cell_type": "markdown",
   "id": "4a0cb6f7",
   "metadata": {},
   "source": [
    "-----------------------------------------------------------------------------------------------------------------------------"
   ]
  },
  {
   "cell_type": "code",
   "execution_count": 42,
   "id": "f51debe1",
   "metadata": {},
   "outputs": [
    {
     "data": {
      "text/plain": [
       "-0.003161039517363252"
      ]
     },
     "execution_count": 42,
     "metadata": {},
     "output_type": "execute_result"
    }
   ],
   "source": [
    "sec_returns ['AMER3.SA']. mean()    # Retorno médio diário "
   ]
  },
  {
   "cell_type": "code",
   "execution_count": 43,
   "id": "8f0df5d7",
   "metadata": {},
   "outputs": [
    {
     "data": {
      "text/plain": [
       "-25.604420090642343"
      ]
     },
     "execution_count": 43,
     "metadata": {},
     "output_type": "execute_result"
    }
   ],
   "source": [
    "sec_returns['AMER3.SA']. mean() * 81 *100  # \"Anualizando\" o retorno médio diário "
   ]
  },
  {
   "cell_type": "code",
   "execution_count": 40,
   "id": "8e59954f",
   "metadata": {},
   "outputs": [
    {
     "data": {
      "text/plain": [
       "0.04013662894342254"
      ]
     },
     "execution_count": 40,
     "metadata": {},
     "output_type": "execute_result"
    }
   ],
   "source": [
    "sec_returns ['AMER3.SA'].std()   #.std() calcula o desvio padrão"
   ]
  },
  {
   "cell_type": "code",
   "execution_count": 41,
   "id": "990e5b17",
   "metadata": {},
   "outputs": [
    {
     "data": {
      "text/plain": [
       "0.28380882499862337"
      ]
     },
     "execution_count": 41,
     "metadata": {},
     "output_type": "execute_result"
    }
   ],
   "source": [
    "sec_returns['AMER3.SA'].std() * 50 ** 0.5      # Anualizar o desvio padrão "
   ]
  },
  {
   "cell_type": "markdown",
   "id": "42e0676a",
   "metadata": {},
   "source": [
    "-----------------------------------------------------------------------------------------------------------------------------"
   ]
  },
  {
   "cell_type": "code",
   "execution_count": 69,
   "id": "43d0e0dd",
   "metadata": {},
   "outputs": [
    {
     "data": {
      "text/plain": [
       "0.0026211911406879783"
      ]
     },
     "execution_count": 69,
     "metadata": {},
     "output_type": "execute_result"
    }
   ],
   "source": [
    "sec_returns ['BBSE3.SA']. mean()    # Retorno médio diário "
   ]
  },
  {
   "cell_type": "code",
   "execution_count": 70,
   "id": "a2d75f57",
   "metadata": {},
   "outputs": [
    {
     "data": {
      "text/plain": [
       "13.105955703439893"
      ]
     },
     "execution_count": 70,
     "metadata": {},
     "output_type": "execute_result"
    }
   ],
   "source": [
    "sec_returns['BBSE3.SA']. mean() * 50 *100  # \"Anualizando\" o retorno médio diário "
   ]
  },
  {
   "cell_type": "code",
   "execution_count": 71,
   "id": "93715d7a",
   "metadata": {},
   "outputs": [
    {
     "data": {
      "text/plain": [
       "0.017483040540811207"
      ]
     },
     "execution_count": 71,
     "metadata": {},
     "output_type": "execute_result"
    }
   ],
   "source": [
    "sec_returns ['BBSE3.SA'].std()   #.std() calcula o desvio padrão"
   ]
  },
  {
   "cell_type": "code",
   "execution_count": 72,
   "id": "3fb49b87",
   "metadata": {},
   "outputs": [
    {
     "data": {
      "text/plain": [
       "0.1236237652216693"
      ]
     },
     "execution_count": 72,
     "metadata": {},
     "output_type": "execute_result"
    }
   ],
   "source": [
    "sec_returns['BBSE3.SA'].std() * 50 ** 0.5      # Anualizar o desvio padrão "
   ]
  },
  {
   "cell_type": "markdown",
   "id": "6059d833",
   "metadata": {},
   "source": [
    "-----------------------------------------------------------------------------------------------------------------------------"
   ]
  },
  {
   "cell_type": "code",
   "execution_count": 73,
   "id": "8b2d44a3",
   "metadata": {},
   "outputs": [
    {
     "data": {
      "text/plain": [
       "0.0034902612336056246"
      ]
     },
     "execution_count": 73,
     "metadata": {},
     "output_type": "execute_result"
    }
   ],
   "source": [
    "sec_returns ['BBAS3.SA']. mean()    # Retorno médio diário "
   ]
  },
  {
   "cell_type": "code",
   "execution_count": 74,
   "id": "29b9d086",
   "metadata": {},
   "outputs": [
    {
     "data": {
      "text/plain": [
       "17.451306168028122"
      ]
     },
     "execution_count": 74,
     "metadata": {},
     "output_type": "execute_result"
    }
   ],
   "source": [
    "sec_returns['BBAS3.SA']. mean() *50 *100  # \"Anualizando\" o retorno médio diário "
   ]
  },
  {
   "cell_type": "code",
   "execution_count": 75,
   "id": "dff1523e",
   "metadata": {},
   "outputs": [
    {
     "data": {
      "text/plain": [
       "0.01783111671341105"
      ]
     },
     "execution_count": 75,
     "metadata": {},
     "output_type": "execute_result"
    }
   ],
   "source": [
    "sec_returns ['BBAS3.SA'].std()   #.std() calcula o desvio padrão"
   ]
  },
  {
   "cell_type": "code",
   "execution_count": 76,
   "id": "08e9a4e7",
   "metadata": {},
   "outputs": [
    {
     "data": {
      "text/plain": [
       "0.12608503544181737"
      ]
     },
     "execution_count": 76,
     "metadata": {},
     "output_type": "execute_result"
    }
   ],
   "source": [
    "sec_returns['BBAS3.SA'].std() *50 ** 0.5      # Anualizar o desvio padrão "
   ]
  },
  {
   "cell_type": "markdown",
   "id": "baaf60bb",
   "metadata": {},
   "source": [
    "-----------------------------------------------------------------------------------------------------------------------------"
   ]
  },
  {
   "cell_type": "code",
   "execution_count": 80,
   "id": "3da6776e",
   "metadata": {},
   "outputs": [
    {
     "name": "stdout",
     "output_type": "stream",
     "text": [
      "6.846528390244988\n",
      "-14.471411750305599\n",
      "-3.5812285500757692\n",
      "-25.308448781466243\n",
      "13.105955703439893\n",
      "17.451306168028122\n"
     ]
    }
   ],
   "source": [
    "'SAPR4.SA', 'COGN3.SA', 'LREN3.SA', 'AMER3.SA', 'BBSE3.SA', 'BBAS3.SA'\n",
    "\n",
    "print (sec_returns['SAPR4.SA'].mean() *50 *100)    # Média \n",
    "print (sec_returns['COGN3.SA'].mean() *50 *100)    # Média\n",
    "print (sec_returns['LREN3.SA'].mean() *50 *100)    # Média\n",
    "print (sec_returns['AMER3.SA'].mean() *50 *100)    # Média\n",
    "print (sec_returns['BBSE3.SA'].mean() *50 *100)    # Média\n",
    "print (sec_returns['BBAS3.SA'].mean() *50 *100)    # Média"
   ]
  },
  {
   "cell_type": "code",
   "execution_count": 81,
   "id": "d649e1f4",
   "metadata": {},
   "outputs": [
    {
     "name": "stdout",
     "output_type": "stream",
     "text": [
      "0.015292689922650734\n",
      "0.030811102384750107\n",
      "0.03163222190561424\n",
      "0.039035695396041806\n",
      "0.017483040540811207\n",
      "0.01783111671341105\n"
     ]
    }
   ],
   "source": [
    "print (sec_returns ['SAPR4.SA'].std())\n",
    "print (sec_returns ['COGN3.SA'].std())\n",
    "print (sec_returns ['LREN3.SA'].std())\n",
    "print (sec_returns ['AMER3.SA'].std())\n",
    "print (sec_returns ['BBSE3.SA'].std())\n",
    "print (sec_returns ['BBAS3.SA'].std())"
   ]
  },
  {
   "cell_type": "markdown",
   "id": "f95b74e6",
   "metadata": {},
   "source": [
    "OR"
   ]
  },
  {
   "cell_type": "code",
   "execution_count": 82,
   "id": "6e29d8a5",
   "metadata": {},
   "outputs": [
    {
     "data": {
      "text/plain": [
       "SAPR4.SA    0.764634\n",
       "COGN3.SA    1.540555\n",
       "LREN3.SA    1.581611\n",
       "AMER3.SA    1.951785\n",
       "BBSE3.SA    0.874152\n",
       "BBAS3.SA    0.891556\n",
       "dtype: float64"
      ]
     },
     "execution_count": 82,
     "metadata": {},
     "output_type": "execute_result"
    }
   ],
   "source": [
    "sec_returns [['SAPR4.SA', 'COGN3.SA', 'LREN3.SA', 'AMER3.SA', 'BBSE3.SA', 'BBAS3.SA']]. std() * 50"
   ]
  },
  {
   "cell_type": "code",
   "execution_count": 83,
   "id": "05fe5712",
   "metadata": {},
   "outputs": [
    {
     "data": {
      "text/plain": [
       "SAPR4.SA    0.108136\n",
       "COGN3.SA    0.217867\n",
       "LREN3.SA    0.223674\n",
       "AMER3.SA    0.276024\n",
       "BBSE3.SA    0.123624\n",
       "BBAS3.SA    0.126085\n",
       "dtype: float64"
      ]
     },
     "execution_count": 83,
     "metadata": {},
     "output_type": "execute_result"
    }
   ],
   "source": [
    "sec_returns [['SAPR4.SA', 'COGN3.SA', 'LREN3.SA', 'AMER3.SA', 'BBSE3.SA', 'BBAS3.SA']]. std() * 50 ** 0.5"
   ]
  },
  {
   "cell_type": "markdown",
   "id": "4c0cab0b",
   "metadata": {},
   "source": [
    "\n",
    "'SAPR4.SA', 'COGN3.SA', 'LREN3.SA', 'AMER3.SA', 'BBSE3.SA', 'BBAS3.SA'"
   ]
  },
  {
   "cell_type": "markdown",
   "id": "18228dac",
   "metadata": {},
   "source": [
    "Medindo duas variáveis (Calculando a covariancia e a correlação)"
   ]
  },
  {
   "cell_type": "code",
   "execution_count": 46,
   "id": "301f83d1",
   "metadata": {},
   "outputs": [
    {
     "data": {
      "text/plain": [
       "0.00020877144871937737"
      ]
     },
     "execution_count": 46,
     "metadata": {},
     "output_type": "execute_result"
    }
   ],
   "source": [
    "AAPL_var = sec_returns ['SAPR4.SA'].var()   # var Calcula a variancia \n",
    "AAPL_var"
   ]
  },
  {
   "cell_type": "code",
   "execution_count": 47,
   "id": "cdf1b1cf",
   "metadata": {},
   "outputs": [
    {
     "data": {
      "text/plain": [
       "0.0007356097085232721"
      ]
     },
     "execution_count": 47,
     "metadata": {},
     "output_type": "execute_result"
    }
   ],
   "source": [
    "MSFT_var = sec_returns ['COGN3.SA'].var()\n",
    "MSFT_var"
   ]
  },
  {
   "cell_type": "code",
   "execution_count": 48,
   "id": "7710b0c6",
   "metadata": {},
   "outputs": [
    {
     "data": {
      "text/plain": [
       "0.0005097148884461029"
      ]
     },
     "execution_count": 48,
     "metadata": {},
     "output_type": "execute_result"
    }
   ],
   "source": [
    "MSFT_var = sec_returns ['LREN3.SA'].var()\n",
    "MSFT_var"
   ]
  },
  {
   "cell_type": "code",
   "execution_count": 49,
   "id": "8f099cb1",
   "metadata": {},
   "outputs": [
    {
     "data": {
      "text/plain": [
       "0.001049673348245666"
      ]
     },
     "execution_count": 49,
     "metadata": {},
     "output_type": "execute_result"
    }
   ],
   "source": [
    "MSFT_var = sec_returns ['AMER3.SA'].var()\n",
    "MSFT_var"
   ]
  },
  {
   "cell_type": "code",
   "execution_count": 50,
   "id": "753c43aa",
   "metadata": {},
   "outputs": [
    {
     "data": {
      "text/plain": [
       "0.00020158474080199504"
      ]
     },
     "execution_count": 50,
     "metadata": {},
     "output_type": "execute_result"
    }
   ],
   "source": [
    "MSFT_var = sec_returns ['BBSE3.SA'].var()\n",
    "MSFT_var"
   ]
  },
  {
   "cell_type": "code",
   "execution_count": 51,
   "id": "0038ba77",
   "metadata": {},
   "outputs": [
    {
     "data": {
      "text/plain": [
       "0.0003916823798507679"
      ]
     },
     "execution_count": 51,
     "metadata": {},
     "output_type": "execute_result"
    }
   ],
   "source": [
    "MSFT_var = sec_returns ['BBAS3.SA'].var()\n",
    "MSFT_var"
   ]
  },
  {
   "cell_type": "code",
   "execution_count": 52,
   "id": "000d2af7",
   "metadata": {},
   "outputs": [
    {
     "data": {
      "text/plain": [
       "0.03444728903869727"
      ]
     },
     "execution_count": 52,
     "metadata": {},
     "output_type": "execute_result"
    }
   ],
   "source": [
    "AAPL_var = sec_returns ['SAPR4.SA'].var() *165\n",
    "AAPL_var"
   ]
  },
  {
   "cell_type": "code",
   "execution_count": 53,
   "id": "78b00c1f",
   "metadata": {},
   "outputs": [
    {
     "data": {
      "text/plain": [
       "0.12137560190633989"
      ]
     },
     "execution_count": 53,
     "metadata": {},
     "output_type": "execute_result"
    }
   ],
   "source": [
    "AAPL_var = sec_returns ['COGN3.SA'].var() *165\n",
    "AAPL_var"
   ]
  },
  {
   "cell_type": "code",
   "execution_count": 54,
   "id": "55158f9a",
   "metadata": {},
   "outputs": [
    {
     "data": {
      "text/plain": [
       "0.08410295659360698"
      ]
     },
     "execution_count": 54,
     "metadata": {},
     "output_type": "execute_result"
    }
   ],
   "source": [
    "AAPL_var = sec_returns ['LREN3.SA'].var() *165\n",
    "AAPL_var"
   ]
  },
  {
   "cell_type": "code",
   "execution_count": 55,
   "id": "2dd1e879",
   "metadata": {},
   "outputs": [
    {
     "data": {
      "text/plain": [
       "0.17319610246053488"
      ]
     },
     "execution_count": 55,
     "metadata": {},
     "output_type": "execute_result"
    }
   ],
   "source": [
    "AAPL_var = sec_returns ['AMER3.SA'].var() *165\n",
    "AAPL_var"
   ]
  },
  {
   "cell_type": "code",
   "execution_count": 56,
   "id": "ddd89b33",
   "metadata": {},
   "outputs": [
    {
     "data": {
      "text/plain": [
       "0.03326148223232918"
      ]
     },
     "execution_count": 56,
     "metadata": {},
     "output_type": "execute_result"
    }
   ],
   "source": [
    "AAPL_var = sec_returns ['BBSE3.SA'].var() *165\n",
    "AAPL_var"
   ]
  },
  {
   "cell_type": "code",
   "execution_count": 57,
   "id": "3e8d3b0a",
   "metadata": {},
   "outputs": [
    {
     "data": {
      "text/plain": [
       "0.0646275926753767"
      ]
     },
     "execution_count": 57,
     "metadata": {},
     "output_type": "execute_result"
    }
   ],
   "source": [
    "MSFT_var = sec_returns ['BBAS3.SA'].var() *165\n",
    "MSFT_var"
   ]
  },
  {
   "cell_type": "code",
   "execution_count": 58,
   "id": "996c6a58",
   "metadata": {},
   "outputs": [
    {
     "data": {
      "text/html": [
       "<div>\n",
       "<style scoped>\n",
       "    .dataframe tbody tr th:only-of-type {\n",
       "        vertical-align: middle;\n",
       "    }\n",
       "\n",
       "    .dataframe tbody tr th {\n",
       "        vertical-align: top;\n",
       "    }\n",
       "\n",
       "    .dataframe thead th {\n",
       "        text-align: right;\n",
       "    }\n",
       "</style>\n",
       "<table border=\"1\" class=\"dataframe\">\n",
       "  <thead>\n",
       "    <tr style=\"text-align: right;\">\n",
       "      <th></th>\n",
       "      <th>SAPR4.SA</th>\n",
       "      <th>COGN3.SA</th>\n",
       "      <th>LREN3.SA</th>\n",
       "      <th>AMER3.SA</th>\n",
       "      <th>BBSE3.SA</th>\n",
       "      <th>BBAS3.SA</th>\n",
       "    </tr>\n",
       "  </thead>\n",
       "  <tbody>\n",
       "    <tr>\n",
       "      <th>SAPR4.SA</th>\n",
       "      <td>0.000209</td>\n",
       "      <td>0.000174</td>\n",
       "      <td>0.000162</td>\n",
       "      <td>0.000140</td>\n",
       "      <td>0.000083</td>\n",
       "      <td>0.000099</td>\n",
       "    </tr>\n",
       "    <tr>\n",
       "      <th>COGN3.SA</th>\n",
       "      <td>0.000174</td>\n",
       "      <td>0.000736</td>\n",
       "      <td>0.000315</td>\n",
       "      <td>0.000345</td>\n",
       "      <td>0.000174</td>\n",
       "      <td>0.000223</td>\n",
       "    </tr>\n",
       "    <tr>\n",
       "      <th>LREN3.SA</th>\n",
       "      <td>0.000162</td>\n",
       "      <td>0.000315</td>\n",
       "      <td>0.000510</td>\n",
       "      <td>0.000229</td>\n",
       "      <td>0.000145</td>\n",
       "      <td>0.000165</td>\n",
       "    </tr>\n",
       "    <tr>\n",
       "      <th>AMER3.SA</th>\n",
       "      <td>0.000140</td>\n",
       "      <td>0.000345</td>\n",
       "      <td>0.000229</td>\n",
       "      <td>0.001050</td>\n",
       "      <td>0.000155</td>\n",
       "      <td>0.000032</td>\n",
       "    </tr>\n",
       "    <tr>\n",
       "      <th>BBSE3.SA</th>\n",
       "      <td>0.000083</td>\n",
       "      <td>0.000174</td>\n",
       "      <td>0.000145</td>\n",
       "      <td>0.000155</td>\n",
       "      <td>0.000202</td>\n",
       "      <td>0.000136</td>\n",
       "    </tr>\n",
       "    <tr>\n",
       "      <th>BBAS3.SA</th>\n",
       "      <td>0.000099</td>\n",
       "      <td>0.000223</td>\n",
       "      <td>0.000165</td>\n",
       "      <td>0.000032</td>\n",
       "      <td>0.000136</td>\n",
       "      <td>0.000392</td>\n",
       "    </tr>\n",
       "  </tbody>\n",
       "</table>\n",
       "</div>"
      ],
      "text/plain": [
       "          SAPR4.SA  COGN3.SA  LREN3.SA  AMER3.SA  BBSE3.SA  BBAS3.SA\n",
       "SAPR4.SA  0.000209  0.000174  0.000162  0.000140  0.000083  0.000099\n",
       "COGN3.SA  0.000174  0.000736  0.000315  0.000345  0.000174  0.000223\n",
       "LREN3.SA  0.000162  0.000315  0.000510  0.000229  0.000145  0.000165\n",
       "AMER3.SA  0.000140  0.000345  0.000229  0.001050  0.000155  0.000032\n",
       "BBSE3.SA  0.000083  0.000174  0.000145  0.000155  0.000202  0.000136\n",
       "BBAS3.SA  0.000099  0.000223  0.000165  0.000032  0.000136  0.000392"
      ]
     },
     "execution_count": 58,
     "metadata": {},
     "output_type": "execute_result"
    }
   ],
   "source": [
    "corr_matrix = sec_returns.cov()   # Covariancia diária\n",
    "corr_matrix"
   ]
  },
  {
   "cell_type": "code",
   "execution_count": 59,
   "id": "f35ad494",
   "metadata": {},
   "outputs": [
    {
     "data": {
      "text/html": [
       "<div>\n",
       "<style scoped>\n",
       "    .dataframe tbody tr th:only-of-type {\n",
       "        vertical-align: middle;\n",
       "    }\n",
       "\n",
       "    .dataframe tbody tr th {\n",
       "        vertical-align: top;\n",
       "    }\n",
       "\n",
       "    .dataframe thead th {\n",
       "        text-align: right;\n",
       "    }\n",
       "</style>\n",
       "<table border=\"1\" class=\"dataframe\">\n",
       "  <thead>\n",
       "    <tr style=\"text-align: right;\">\n",
       "      <th></th>\n",
       "      <th>SAPR4.SA</th>\n",
       "      <th>COGN3.SA</th>\n",
       "      <th>LREN3.SA</th>\n",
       "      <th>AMER3.SA</th>\n",
       "      <th>BBSE3.SA</th>\n",
       "      <th>BBAS3.SA</th>\n",
       "    </tr>\n",
       "  </thead>\n",
       "  <tbody>\n",
       "    <tr>\n",
       "      <th>SAPR4.SA</th>\n",
       "      <td>0.034447</td>\n",
       "      <td>0.028641</td>\n",
       "      <td>0.026720</td>\n",
       "      <td>0.023095</td>\n",
       "      <td>0.013614</td>\n",
       "      <td>0.016401</td>\n",
       "    </tr>\n",
       "    <tr>\n",
       "      <th>COGN3.SA</th>\n",
       "      <td>0.028641</td>\n",
       "      <td>0.121376</td>\n",
       "      <td>0.051916</td>\n",
       "      <td>0.056867</td>\n",
       "      <td>0.028686</td>\n",
       "      <td>0.036764</td>\n",
       "    </tr>\n",
       "    <tr>\n",
       "      <th>LREN3.SA</th>\n",
       "      <td>0.026720</td>\n",
       "      <td>0.051916</td>\n",
       "      <td>0.084103</td>\n",
       "      <td>0.037716</td>\n",
       "      <td>0.023864</td>\n",
       "      <td>0.027301</td>\n",
       "    </tr>\n",
       "    <tr>\n",
       "      <th>AMER3.SA</th>\n",
       "      <td>0.023095</td>\n",
       "      <td>0.056867</td>\n",
       "      <td>0.037716</td>\n",
       "      <td>0.173196</td>\n",
       "      <td>0.025573</td>\n",
       "      <td>0.005242</td>\n",
       "    </tr>\n",
       "    <tr>\n",
       "      <th>BBSE3.SA</th>\n",
       "      <td>0.013614</td>\n",
       "      <td>0.028686</td>\n",
       "      <td>0.023864</td>\n",
       "      <td>0.025573</td>\n",
       "      <td>0.033261</td>\n",
       "      <td>0.022402</td>\n",
       "    </tr>\n",
       "    <tr>\n",
       "      <th>BBAS3.SA</th>\n",
       "      <td>0.016401</td>\n",
       "      <td>0.036764</td>\n",
       "      <td>0.027301</td>\n",
       "      <td>0.005242</td>\n",
       "      <td>0.022402</td>\n",
       "      <td>0.064628</td>\n",
       "    </tr>\n",
       "  </tbody>\n",
       "</table>\n",
       "</div>"
      ],
      "text/plain": [
       "          SAPR4.SA  COGN3.SA  LREN3.SA  AMER3.SA  BBSE3.SA  BBAS3.SA\n",
       "SAPR4.SA  0.034447  0.028641  0.026720  0.023095  0.013614  0.016401\n",
       "COGN3.SA  0.028641  0.121376  0.051916  0.056867  0.028686  0.036764\n",
       "LREN3.SA  0.026720  0.051916  0.084103  0.037716  0.023864  0.027301\n",
       "AMER3.SA  0.023095  0.056867  0.037716  0.173196  0.025573  0.005242\n",
       "BBSE3.SA  0.013614  0.028686  0.023864  0.025573  0.033261  0.022402\n",
       "BBAS3.SA  0.016401  0.036764  0.027301  0.005242  0.022402  0.064628"
      ]
     },
     "execution_count": 59,
     "metadata": {},
     "output_type": "execute_result"
    }
   ],
   "source": [
    "corr_matrix_a = sec_returns.cov() * 165  # Covariancia anualizada. \n",
    "corr_matrix_a"
   ]
  },
  {
   "cell_type": "code",
   "execution_count": 60,
   "id": "3827b8c0",
   "metadata": {
    "scrolled": true
   },
   "outputs": [
    {
     "data": {
      "text/html": [
       "<div>\n",
       "<style scoped>\n",
       "    .dataframe tbody tr th:only-of-type {\n",
       "        vertical-align: middle;\n",
       "    }\n",
       "\n",
       "    .dataframe tbody tr th {\n",
       "        vertical-align: top;\n",
       "    }\n",
       "\n",
       "    .dataframe thead th {\n",
       "        text-align: right;\n",
       "    }\n",
       "</style>\n",
       "<table border=\"1\" class=\"dataframe\">\n",
       "  <thead>\n",
       "    <tr style=\"text-align: right;\">\n",
       "      <th></th>\n",
       "      <th>SAPR4.SA</th>\n",
       "      <th>COGN3.SA</th>\n",
       "      <th>LREN3.SA</th>\n",
       "      <th>AMER3.SA</th>\n",
       "      <th>BBSE3.SA</th>\n",
       "      <th>BBAS3.SA</th>\n",
       "    </tr>\n",
       "  </thead>\n",
       "  <tbody>\n",
       "    <tr>\n",
       "      <th>SAPR4.SA</th>\n",
       "      <td>1.000000</td>\n",
       "      <td>0.442945</td>\n",
       "      <td>0.496425</td>\n",
       "      <td>0.298997</td>\n",
       "      <td>0.402202</td>\n",
       "      <td>0.347593</td>\n",
       "    </tr>\n",
       "    <tr>\n",
       "      <th>COGN3.SA</th>\n",
       "      <td>0.442945</td>\n",
       "      <td>1.000000</td>\n",
       "      <td>0.513845</td>\n",
       "      <td>0.392219</td>\n",
       "      <td>0.451476</td>\n",
       "      <td>0.415094</td>\n",
       "    </tr>\n",
       "    <tr>\n",
       "      <th>LREN3.SA</th>\n",
       "      <td>0.496425</td>\n",
       "      <td>0.513845</td>\n",
       "      <td>1.000000</td>\n",
       "      <td>0.312500</td>\n",
       "      <td>0.451205</td>\n",
       "      <td>0.370308</td>\n",
       "    </tr>\n",
       "    <tr>\n",
       "      <th>AMER3.SA</th>\n",
       "      <td>0.298997</td>\n",
       "      <td>0.392219</td>\n",
       "      <td>0.312500</td>\n",
       "      <td>1.000000</td>\n",
       "      <td>0.336926</td>\n",
       "      <td>0.049551</td>\n",
       "    </tr>\n",
       "    <tr>\n",
       "      <th>BBSE3.SA</th>\n",
       "      <td>0.402202</td>\n",
       "      <td>0.451476</td>\n",
       "      <td>0.451205</td>\n",
       "      <td>0.336926</td>\n",
       "      <td>1.000000</td>\n",
       "      <td>0.483177</td>\n",
       "    </tr>\n",
       "    <tr>\n",
       "      <th>BBAS3.SA</th>\n",
       "      <td>0.347593</td>\n",
       "      <td>0.415094</td>\n",
       "      <td>0.370308</td>\n",
       "      <td>0.049551</td>\n",
       "      <td>0.483177</td>\n",
       "      <td>1.000000</td>\n",
       "    </tr>\n",
       "  </tbody>\n",
       "</table>\n",
       "</div>"
      ],
      "text/plain": [
       "          SAPR4.SA  COGN3.SA  LREN3.SA  AMER3.SA  BBSE3.SA  BBAS3.SA\n",
       "SAPR4.SA  1.000000  0.442945  0.496425  0.298997  0.402202  0.347593\n",
       "COGN3.SA  0.442945  1.000000  0.513845  0.392219  0.451476  0.415094\n",
       "LREN3.SA  0.496425  0.513845  1.000000  0.312500  0.451205  0.370308\n",
       "AMER3.SA  0.298997  0.392219  0.312500  1.000000  0.336926  0.049551\n",
       "BBSE3.SA  0.402202  0.451476  0.451205  0.336926  1.000000  0.483177\n",
       "BBAS3.SA  0.347593  0.415094  0.370308  0.049551  0.483177  1.000000"
      ]
     },
     "execution_count": 60,
     "metadata": {},
     "output_type": "execute_result"
    }
   ],
   "source": [
    "corr_matrix = sec_returns.corr()    #Calculando a correlação \n",
    "corr_matrix"
   ]
  },
  {
   "cell_type": "code",
   "execution_count": null,
   "id": "a8c09305",
   "metadata": {},
   "outputs": [],
   "source": []
  }
 ],
 "metadata": {
  "kernelspec": {
   "display_name": "Python 3 (ipykernel)",
   "language": "python",
   "name": "python3"
  },
  "language_info": {
   "codemirror_mode": {
    "name": "ipython",
    "version": 3
   },
   "file_extension": ".py",
   "mimetype": "text/x-python",
   "name": "python",
   "nbconvert_exporter": "python",
   "pygments_lexer": "ipython3",
   "version": "3.9.7"
  }
 },
 "nbformat": 4,
 "nbformat_minor": 5
}
